1 0 1029
2 1029 1085
3 2114 6689
4 8803 2160
5 10963 1931
6 12894 6206
7 19100 3627
8 22727 630
9 23357 1836
10 25193 3081
11 28274 1258
12 29532 2301
13 31833 1113
14 32946 3480
15 36426 4112
16 40538 4328
17 44866 6288
18 51154 3755
19 54909 712
20 55621 4277
21 59898 4081
22 63979 537
23 64516 999
24 65515 1584
25 67099 3655
26 70754 3589
27 74343 4804
28 79147 2698
29 81845 2079
30 83924 3131
31 87055 802
32 87857 7182
33 95039 947
34 95986 3148
35 99134 2385
36 101519 2674
37 104193 3406
38 107599 2550
39 110149 4071
40 114220 2042
41 116262 1862
42 118124 4436
43 122560 1423
44 123983 4425
45 128408 3882
46 132290 5681
47 137971 6665
48 144636 4531
49 149167 1801
50 150968 1270
51 152238 2849
52 155087 6444
53 161531 2539
54 164070 3448
55 167518 2713
56 170231 2277
57 172508 10500
58 183008 764
59 183772 9116
60 192888 2205
61 195093 2521
62 197614 2391
63 200005 2370
64 202375 1347
65 203722 1136
66 204858 2946
67 207804 10172
68 217976 1277
69 219253 3969
70 223222 1125
71 224347 457
72 224804 10796
73 235600 1836
74 237436 3364
75 240800 3343
76 244143 3583
77 247726 9693
78 257419 2185
79 259604 1112
80 260716 781
81 261497 1055
82 262552 1833
83 264385 8522
84 272907 3456
85 276363 6346
86 282709 4815
87 287524 5611
88 293135 1707
89 294842 5361
90 300203 1692
91 301895 1711
92 303606 6803
93 310409 2785
94 313194 1497
95 314691 2067
96 316758 2581
97 319339 2578
98 321917 3781
99 325698 5105
100 330803 9791
101 340594 1652
102 342246 741
103 342987 726
104 343713 2920
105 346633 1870
106 348503 2311
107 350814 3182
108 353996 2892
109 356888 2955
110 359843 3007
111 362850 2437
112 365287 2468
113 367755 2537
114 370292 853
115 371145 1595
116 372740 5829
117 378569 2577
118 381146 1287
119 382433 2044
120 384477 1579
121 386056 2897
122 388953 5802
123 394755 1194
124 395949 2821
125 398770 1843
126 400613 1236
127 401849 1120
128 402969 1777
129 404746 5991
130 410737 3439
131 414176 1594
132 415770 612
133 416382 2703
134 419085 898
135 419983 5760
136 425743 5210
137 430953 1612
138 432565 763
139 433328 792
140 434120 2484
141 436604 5799
142 442403 3738
143 446141 3714
144 449855 3672
145 453527 4053
146 457580 3837
147 461417 3756
148 465173 628
149 465801 5819
150 471620 684
151 472304 2804
152 475108 2867
153 477975 1092
154 479067 1275
155 480342 7580
156 487922 1484
157 489406 2296
158 491702 2096
159 493798 1457
160 495255 983
161 496238 1702
162 497940 2622
163 500562 1909
164 502471 17040
165 519511 1546
166 521057 4847
167 525904 2108
168 528012 2819
169 530831 6279
170 537110 533
171 537643 4033
172 541676 2041
173 543717 1212
174 544929 4658
175 549587 853
176 550440 2117
177 552557 1895
178 554452 4182
179 558634 4695
180 563329 9237
181 572566 4130
182 576696 2706
183 579402 844
184 580246 809
185 581055 908
186 581963 1052
187 583015 1950
188 584965 1556
189 586521 2555
190 589076 2002
191 591078 3747
192 594825 937
193 595762 1202
194 596964 1921
195 598885 1433
196 600318 3806
197 604124 5713
198 609837 2235
199 612072 2897
200 614969 1499
201 616468 5745
202 622213 2653
203 624866 1282
204 626148 1260
205 627408 1329
206 628737 7950
207 636687 1707
208 638394 2825
209 641219 1237
210 642456 1425
211 643881 5119
212 649000 3036
213 652036 1291
214 653327 2783
215 656110 1438
216 657548 924
217 658472 2770
218 661242 1489
219 662731 902
220 663633 2995
221 666628 1217
222 667845 8774
223 676619 2603
224 679222 1619
225 680841 2229
226 683070 1985
227 685055 6248
228 691303 2073
229 693376 1561
230 694937 3142
231 698079 4054
232 702133 2678
233 704811 2877
234 707688 1031
235 708719 1413
236 710132 5500
237 715632 3613
238 719245 2075
239 721320 5803
240 727123 6775
241 733898 1215
242 735113 1514
243 736627 351
244 736978 2193
245 739171 2940
246 742111 1214
247 743325 916
248 744241 1862
249 746103 2961
250 749064 6880
251 755944 2655
252 758599 1557
253 760156 1762
254 761918 1699
255 763617 954
256 764571 8953
257 773524 5604
258 779128 5662
259 784790 5479
260 790269 6736
261 797005 2067
262 799072 19450
263 818522 7674
264 826196 1813
265 828009 1231
266 829240 3029
267 832269 1851
268 834120 2686
269 836806 4168
270 840974 1406
271 842380 588
272 842968 6565
273 849533 2409
274 851942 1822
275 853764 3340
276 857104 1882
277 858986 13752
278 872738 535
279 873273 1633
280 874906 3024
281 877930 2361
282 880291 2825
283 883116 18367
284 901483 662
285 902145 653
286 902798 676
287 903474 657
288 904131 696
289 904827 674
290 905501 685
291 906186 631
292 906817 626
293 907443 649
294 908092 634
295 908726 712
296 909438 680
297 910118 658
298 910776 626
299 911402 669
300 912071 622
301 912693 654
302 913347 639
303 913986 627
304 914613 647
305 915260 640
306 915900 650
307 916550 644
308 917194 662
309 917856 696
310 918552 659
311 919211 655
312 919866 674
313 920540 656
314 921196 662
315 921858 694
316 922552 691
317 923243 668
318 923911 692
319 924603 669
320 925272 701
321 925973 657
322 926630 632
323 927262 665
324 927927 645
325 928572 655
326 929227 632
327 929859 659
328 930518 647
329 931165 645
330 931810 647
331 932457 641
332 933098 653
333 933751 695
334 934446 651
335 935097 681
336 935778 661
337 936439 626
338 937065 664
339 937729 657
340 938386 677
341 939063 659
342 939722 696
343 940418 631
344 941049 650
345 941699 682
346 942381 657
347 943038 664
348 943702 656
349 944358 659
350 945017 677
351 945694 696
352 946390 650
353 947040 680
354 947720 645
355 948365 708
356 949073 662
357 949735 637
358 950372 666
359 951038 649
360 951687 660
361 952347 648
362 952995 635
363 953630 648
364 954278 643
365 954921 660
366 955581 644
367 956225 698
368 956923 671
369 957594 652
370 958246 681
371 958927 649
372 959576 652
373 960228 657
374 960885 657
375 961542 655
376 962197 677
377 962874 658
378 963532 690
379 964222 657
380 964879 633
381 965512 659
382 966171 657
383 966828 676
384 967504 664
385 968168 655
386 968823 649
387 969472 648
388 970120 660
389 970780 635
390 971415 652
391 972067 647
392 972714 651
393 973365 639
394 974004 654
395 974658 648
396 975306 652
397 975958 650
398 976608 667
399 977275 621
400 977896 679
401 978575 657
402 979232 692
403 979924 678
404 980602 661
405 981263 656
406 981919 693
407 982612 707
408 983319 631
409 983950 640
410 984590 679
411 985269 660
412 985929 659
413 986588 667
414 987255 696
415 987951 658
416 988609 676
417 989285 688
418 989973 655
419 990628 665
420 991293 703
421 991996 707
422 992703 655
423 993358 652
424 994010 641
425 994651 645
426 995296 649
427 995945 646
428 996591 678
429 997269 658
430 997927 635
431 998562 637
432 999199 637
433 999836 649
434 1000485 648
435 1001133 677
436 1001810 667
437 1002477 688
438 1003165 691
439 1003856 654
440 1004510 679
441 1005189 671
442 1005860 683
443 1006543 667
444 1007210 666
445 1007876 691
446 1008567 647
447 1009214 193
448 1009407 680
449 1010087 663
450 1010750 691
451 1011441 699
452 1012140 657
453 1012797 680
454 1013477 644
455 1014121 650
456 1014771 645
457 1015416 644
458 1016060 686
459 1016746 643
460 1017389 657
461 1018046 643
462 1018689 626
463 1019315 645
464 1019960 649
465 1020609 634
466 1021243 647
467 1021890 644
468 1022534 662
469 1023196 642
470 1023838 651
471 1024489 687
472 1025176 692
473 1025868 707
474 1026575 681
475 1027256 647
476 1027903 657
477 1028560 678
478 1029238 641
479 1029879 680
480 1030559 637
481 1031196 653
482 1031849 665
483 1032514 650
484 1033164 663
485 1033827 687
486 1034514 647
487 1035161 640
488 1035801 680
489 1036481 650
490 1037131 665
491 1037796 642
492 1038438 687
493 1039125 651
494 1039776 668
495 1040444 653
496 1041097 663
497 1041760 701
498 1042461 696
499 1043157 707
500 1043864 649
501 1044513 678
502 1045191 647
503 1045838 652
504 1046490 641
505 1047131 672
506 1047803 631
507 1048434 637
508 1049071 660
509 1049731 640
510 1050371 658
511 1051029 645
512 1051674 672
513 1052346 636
514 1052982 686
515 1053668 670
516 1054338 649
517 1054987 679
518 1055666 645
519 1056311 651
520 1056962 673
521 1057635 651
522 1058286 652
523 1058938 664
524 1059602 683
525 1060285 645
526 1060930 637
527 1061567 689
528 1062256 656
529 1062912 649
530 1063561 674
531 1064235 664
532 1064899 642
533 1065541 680
534 1066221 651
535 1066872 698
536 1067570 697
537 1068267 690
538 1068957 706
539 1069663 709
540 1070372 683
541 1071055 678
542 1071733 679
543 1072412 696
544 1073108 681
545 1073789 666
546 1074455 631
547 1075086 652
548 1075738 674
549 1076412 653
550 1077065 661
551 1077726 681
552 1078407 666
553 1079073 626
554 1079699 655
555 1080354 679
556 1081033 661
557 1081694 692
558 1082386 728
559 1083114 727
560 1083841 663
561 1084504 630
562 1085134 639
563 1085773 643
564 1086416 650
565 1087066 624
566 1087690 670
567 1088360 618
568 1088978 628
569 1089606 652
570 1090258 631
571 1090889 667
572 1091556 691
573 1092247 642
574 1092889 665
575 1093554 683
576 1094237 672
577 1094909 679
578 1095588 656
579 1096244 666
580 1096910 670
581 1097580 677
582 1098257 644
583 1098901 709
584 1099610 675
585 1100285 631
586 1100916 656
587 1101572 645
588 1102217 643
589 1102860 640
590 1103500 618
591 1104118 641
592 1104759 635
593 1105394 644
594 1106038 639
595 1106677 650
596 1107327 652
597 1107979 677
598 1108656 632
599 1109288 660
600 1109948 646
601 1110594 710
602 1111304 687
603 1111991 652
604 1112643 654
605 1113297 646
606 1113943 669
607 1114612 640
608 1115252 654
609 1115906 652
610 1116558 680
611 1117238 649
612 1117887 672
613 1118559 687
614 1119246 665
615 1119911 657
616 1120568 667
617 1121235 652
618 1121887 680
619 1122567 654
620 1123221 662
621 1123883 647
622 1124530 639
623 1125169 634
624 1125803 643
625 1126446 627
626 1127073 643
627 1127716 660
628 1128376 643
629 1129019 639
630 1129658 688
631 1130346 671
632 1131017 651
633 1131668 687
634 1132355 679
635 1133034 653
636 1133687 656
637 1134343 657
638 1135000 684
639 1135684 670
640 1136354 651
641 1137005 676
642 1137681 652
643 1138333 715
644 1139048 666
645 1139714 678
646 1140392 633
647 1141025 638
648 1141663 630
649 1142293 684
650 1142977 659
651 1143636 659
652 1144295 669
653 1144964 657
654 1145621 640
655 1146261 646
656 1146907 641
657 1147548 633
658 1148181 647
659 1148828 636
660 1149464 656
661 1150120 621
662 1150741 634
663 1151375 649
664 1152024 645
665 1152669 671
666 1153340 675
667 1154015 644
668 1154659 658
669 1155317 637
670 1155954 652
671 1156606 634
672 1157240 653
673 1157893 684
674 1158577 651
675 1159228 666
676 1159894 644
677 1160538 624
678 1161162 651
679 1161813 680
680 1162493 652
681 1163145 683
682 1163828 652
683 1164480 660
684 1165140 632
685 1165772 640
686 1166412 659
687 1167071 662
688 1167733 635
689 1168368 633
690 1169001 684
691 1169685 661
692 1170346 634
693 1170980 632
694 1171612 624
695 1172236 666
696 1172902 703
697 1173605 662
698 1174267 630
699 1174897 637
700 1175534 632
701 1176166 642
702 1176808 620
703 1177428 627
704 1178055 626
705 1178681 653
706 1179334 635
707 1179969 651
708 1180620 618
709 1181238 661
710 1181899 647
711 1182546 1997
712 1184543 3117
713 1187660 6320
714 1193980 984
715 1194964 938
716 1195902 1148
717 1197050 789
718 1197839 6313
719 1204152 2845
720 1206997 5079
721 1212076 9070
722 1221146 7355
723 1228501 5491
724 1233992 1510
725 1235502 642
726 1236144 3285
727 1239429 9171
728 1248600 2880
729 1251480 2218
730 1253698 5715
731 1259413 1301
732 1260714 4413
733 1265127 693
734 1265820 2554
735 1268374 1539
736 1269913 1136
737 1271049 2518
738 1273567 4362
739 1277929 2927
740 1280856 5432
741 1286288 5866
742 1292154 4465
743 1296619 2762
744 1299381 2068
745 1301449 1070
746 1302519 808
747 1303327 2639
748 1305966 5783
749 1311749 1808
750 1313557 1735
751 1315292 1207
752 1316499 2227
753 1318726 2432
754 1321158 1394
755 1322552 583
756 1323135 5004
757 1328139 6122
758 1334261 11624
759 1345885 1218
760 1347103 2343
761 1349446 1030
762 1350476 2183
763 1352659 5187
764 1357846 2441
765 1360287 3023
766 1363310 20080
767 1383390 2849
768 1386239 1613
769 1387852 1764
770 1389616 1461
771 1391077 7351
772 1398428 4603
773 1403031 12591
774 1415622 2413
775 1418035 1823
776 1419858 1446
777 1421304 3109
778 1424413 1379
779 1425792 3881
780 1429673 1104
781 1430777 1337
782 1432114 2386
783 1434500 1960
784 1436460 3466
785 1439926 971
786 1440897 7320
787 1448217 5210
788 1453427 6570
789 1459997 4434
790 1464431 3699
791 1468130 2750
792 1470880 30923
793 1501803 3962
794 1505765 5287
795 1511052 2845
796 1513897 1965
797 1515862 1226
798 1517088 2562
799 1519650 3757
800 1523407 2425
801 1525832 2050
802 1527882 2520
803 1530402 3446
804 1533848 2472
805 1536320 2527
806 1538847 20276
807 1559123 8407
808 1567530 4380
809 1571910 4484
810 1576394 4153
811 1580547 1543
812 1582090 4495
813 1586585 1373
814 1587958 1191
815 1589149 1489
816 1590638 7437
817 1598075 2189
818 1600264 18036
819 1618300 8889
820 1627189 5686
821 1632875 4034
822 1636909 3571
823 1640480 2063
824 1642543 16383
825 1658926 4470
826 1663396 1163
827 1664559 1937
828 1666496 1363
829 1667859 8186
830 1676045 5182
831 1681227 6854
832 1688081 1939
833 1690020 8215
834 1698235 7572
835 1705807 8516
836 1714323 4988
837 1719311 6755
838 1726066 15102
839 1741168 7552
840 1748720 5092
841 1753812 1380
842 1755192 1581
843 1756773 2163
844 1758936 1357
845 1760293 828
846 1761121 6382
847 1767503 2143
848 1769646 8308
849 1777954 4234
850 1782188 1887
851 1784075 5248
852 1789323 5480
853 1794803 9127
854 1803930 4703
855 1808633 9536
856 1818169 3783
857 1821952 1084
858 1823036 1436
859 1824472 1369
860 1825841 9090
861 1834931 307
862 1835238 1739
863 1836977 779
864 1837756 1466
865 1839222 12564
866 1851786 8044
867 1859830 4089
868 1863919 5011
869 1868930 4474
870 1873404 8951
871 1882355 2228
872 1884583 5375
873 1889958 2936
874 1892894 3121
875 1896015 1692
876 1897707 8102
877 1905809 3700
878 1909509 14182
879 1923691 3293
880 1926984 3887
881 1930871 4323
882 1935194 11603
883 1946797 940
884 1947737 8014
885 1955751 6276
886 1962027 792
887 1962819 5692
888 1968511 15710
889 1984221 926
890 1985147 6075
891 1991222 687
892 1991909 5271
893 1997180 8072
894 2005252 1451
895 2006703 4373
896 2011076 711
897 2011787 8923
898 2020710 1370
899 2022080 2137
900 2024217 999
901 2025216 5436
902 2030652 1968
903 2032620 1498
904 2034118 1853
905 2035971 1167
906 2037138 1174
907 2038312 6955
908 2045267 3753
909 2049020 1019
910 2050039 2469
911 2052508 2228
912 2054736 3219
913 2057955 2584
914 2060539 30039
915 2090578 1093
916 2091671 1743
917 2093414 5106
918 2098520 1247
919 2099767 1647
920 2101414 1728
921 2103142 2407
922 2105549 1675
923 2107224 1579
924 2108803 2636
925 2111439 3219
926 2114658 4661
927 2119319 1781
928 2121100 952
929 2122052 1491
930 2123543 2051
931 2125594 1525
932 2127119 1797
933 2128916 1285
934 2130201 1904
935 2132105 1620
936 2133725 857
937 2134582 2715
938 2137297 1872
939 2139169 6152
940 2145321 2726
941 2148047 1401
942 2149448 1203
943 2150651 2685
944 2153336 1454
945 2154790 2314
946 2157104 1465
947 2158569 1337
948 2159906 2189
949 2162095 1518
950 2163613 1713
951 2165326 5217
952 2170543 2585
953 2173128 5607
954 2178735 1673
955 2180408 1295
956 2181703 2968
957 2184671 1600
958 2186271 2788
959 2189059 859
960 2189918 1606
961 2191524 3994
962 2195518 3235
963 2198753 2984
964 2201737 3356
965 2205093 2711
966 2207804 1406
967 2209210 1369
968 2210579 883
969 2211462 2164
970 2213626 1089
971 2214715 3323
972 2218038 3200
973 2221238 3777
974 2225015 1753
975 2226768 4871
976 2231639 1784
977 2233423 968
978 2234391 1269
979 2235660 984
980 2236644 1161
981 2237805 5085
982 2242890 1854
983 2244744 1128
984 2245872 1291
985 2247163 1237
986 2248400 4182
987 2252582 1505
988 2254087 2688
989 2256775 2140
990 2258915 1098
991 2260013 1833
992 2261846 4998
993 2266844 2337
994 2269181 758
995 2269939 3226
996 2273165 763
997 2273928 6213
998 2280141 6355
999 2286496 5733
1000 2292229 10745
1001 2302974 3790
1002 2306764 1581
1003 2308345 2146
1004 2310491 9581
1005 2320072 4309
1006 2324381 6382
1007 2330763 3045
1008 2333808 6095
1009 2339903 6076
1010 2345979 1690
1011 2347669 6469
1012 2354138 3272
1013 2357410 6707
1014 2364117 9031
1015 2373148 1422
1016 2374570 2907
1017 2377477 1772
1018 2379249 3348
1019 2382597 6014
1020 2388611 6794
1021 2395405 6300
1022 2401705 6422
1023 2408127 9697
1024 2417824 9738
1025 2427562 1178
1026 2428740 711
1027 2429451 1144
1028 2430595 3794
1029 2434389 666
1030 2435055 5524
1031 2440579 1389
1032 2441968 2778
1033 2444746 2315
1034 2447061 5525
1035 2452586 12215
1036 2464801 2594
1037 2467395 26083
1038 2493478 3708
1039 2497186 4033
1040 2501219 12428
1041 2513647 4399
1042 2518046 3889
1043 2521935 14649
1044 2536584 12271
1045 2548855 3673
1046 2552528 1634
1047 2554162 9100
1048 2563262 1801
1049 2565063 710
1050 2565773 3229
1051 2569002 2854
1052 2571856 5817
1053 2577673 9616
1054 2587289 4041
1055 2591330 1132
1056 2592462 1783
1057 2594245 5498
1058 2599743 4595
1059 2604338 4541
1060 2608879 4392
1061 2613271 1856
1062 2615127 4368
1063 2619495 3673
1064 2623168 6162
1065 2629330 4189
1066 2633519 1103
1067 2634622 732
1068 2635354 8842
1069 2644196 3952
1070 2648148 7005
1071 2655153 1510
1072 2656663 2476
1073 2659139 1085
1074 2660224 1023
1075 2661247 1014
1076 2662261 5325
1077 2667586 10997
1078 2678583 745
1079 2679328 664
1080 2679992 4016
1081 2684008 10088
1082 2694096 3108
1083 2697204 850
1084 2698054 625
1085 2698679 986
1086 2699665 724
1087 2700389 1751
1088 2702140 12297
1089 2714437 4325
1090 2718762 11190
1091 2729952 3609
1092 2733561 1615
1093 2735176 2812
1094 2737988 939
1095 2738927 1116
1096 2740043 15569
1097 2755612 6424
1098 2762036 13955
1099 2775991 728
1100 2776719 2761
1101 2779480 2043
1102 2781523 2600
1103 2784123 2776
1104 2786899 1769
1105 2788668 20055
1106 2808723 9030
1107 2817753 3563
1108 2821316 3545
1109 2824861 3386
1110 2828247 3353
1111 2831600 421
1112 2832021 2538
1113 2834559 2900
1114 2837459 4099
1115 2841558 2960
1116 2844518 920
1117 2845438 3837
1118 2849275 28627
1119 2877902 4205
1120 2882107 7392
1121 2889499 9322
1122 2898821 30303
1123 2929124 19674
1124 2948798 941
1125 2949739 607
1126 2950346 2315
1127 2952661 1605
1128 2954266 4956
1129 2959222 3306
1130 2962528 4039
1131 2966567 2491
1132 2969058 4582
1133 2973640 1135
1134 2974775 1994
1135 2976769 660
1136 2977429 412
1137 2977841 2291
1138 2980132 844
1139 2980976 3533
1140 2984509 922
1141 2985431 2576
1142 2988007 3114
1143 2991121 321
1144 2991442 7205
1145 2998647 19022
1146 3017669 5693
1147 3023362 1293
1148 3024655 2170
1149 3026825 2338
1150 3029163 2599
1151 3031762 8990
1152 3040752 3638
1153 3044390 2349
1154 3046739 22086
1155 3068825 843
1156 3069668 386
1157 3070054 1142
1158 3071196 3835
1159 3075031 1126
1160 3076157 3529
1161 3079686 3241
1162 3082927 1568
1163 3084495 1337
1164 3085832 2007
1165 3087839 2148
1166 3089987 1304
1167 3091291 3886
1168 3095177 543
1169 3095720 6461
1170 3102181 2565
1171 3104746 3663
1172 3108409 811
1173 3109220 1262
1174 3110482 2408
1175 3112890 680
1176 3113570 779
1177 3114349 5008
1178 3119357 2694
1179 3122051 726
1180 3122777 5951
1181 3128728 3327
1182 3132055 8944
1183 3140999 4016
1184 3145015 2042
1185 3147057 3423
1186 3150480 7589
1187 3158069 2633
1188 3160702 2730
1189 3163432 9661
1190 3173093 19338
1191 3192431 3109
1192 3195540 2746
1193 3198286 5369
1194 3203655 2254
1195 3205909 4260
1196 3210169 6589
1197 3216758 963
1198 3217721 4882
1199 3222603 8281
1200 3230884 5348
1201 3236232 6679
1202 3242911 923
1203 3243834 3788
1204 3247622 2952
1205 3250574 3587
1206 3254161 2543
1207 3256704 3703
1208 3260407 4689
1209 3265096 9633
1210 3274729 9640
1211 3284369 11532
1212 3295901 2156
1213 3298057 4799
1214 3302856 3021
1215 3305877 1651
1216 3307528 5789
1217 3313317 2034
1218 3315351 1926
1219 3317277 8395
1220 3325672 8798
1221 3334470 2761
1222 3337231 4496
1223 3341727 3151
1224 3344878 1947
1225 3346825 10652
1226 3357477 6285
1227 3363762 4886
1228 3368648 5309
1229 3373957 1323
1230 3375280 1859
1231 3377139 3608
1232 3380747 3707
1233 3384454 2536
1234 3386990 7691
1235 3394681 7008
1236 3401689 6491
1237 3408180 8805
1238 3416985 3156
1239 3420141 2816
1240 3422957 1849
1241 3424806 7066
1242 3431872 3417
1243 3435289 2656
1244 3437945 1168
1245 3439113 11642
1246 3450755 10846
1247 3461601 9907
1248 3471508 6942
1249 3478450 8942
1250 3487392 2298
1251 3489690 525
1252 3490215 2780
1253 3492995 628
1254 3493623 6378
1255 3500001 4305
1256 3504306 2327
1257 3506633 9198
1258 3515831 6526
1259 3522357 1567
1260 3523924 7419
1261 3531343 2738
1262 3534081 7689
1263 3541770 4480
1264 3546250 2945
1265 3549195 6315
1266 3555510 9259
1267 3564769 2979
1268 3567748 4391
1269 3572139 3903
1270 3576042 1721
1271 3577763 6523
1272 3584286 5480
1273 3589766 5239
1274 3595005 8035
1275 3603040 1843
1276 3604883 2825
1277 3607708 5131
1278 3612839 7824
1279 3620663 5318
1280 3625981 11007
1281 3636988 1832
1282 3638820 7267
1283 3646087 3688
1284 3649775 7926
1285 3657701 478
1286 3658179 5213
1287 3663392 2494
1288 3665886 3081
1289 3668967 3879
1290 3672846 749
1291 3673595 871
1292 3674466 5672
1293 3680138 1484
1294 3681622 2138
1295 3683760 2618
1296 3686378 3666
1297 3690044 3270
1298 3693314 2086
1299 3695400 4826
1300 3700226 10142
1301 3710368 587
1302 3710955 3164
1303 3714119 3453
1304 3717572 5314
1305 3722886 3763
1306 3726649 6248
1307 3732897 9856
1308 3742753 2075
1309 3744828 1631
1310 3746459 3123
1311 3749582 5580
1312 3755162 3668
1313 3758830 1982
1314 3760812 4394
1315 3765206 1364
1316 3766570 9453
1317 3776023 4576
1318 3780599 2581
1319 3783180 3575
1320 3786755 1803
1321 3788558 1483
1322 3790041 1505
1323 3791546 4716
1324 3796262 2891
1325 3799153 8559
1326 3807712 5306
1327 3813018 3041
1328 3816059 7124
1329 3823183 1194
1330 3824377 2801
1331 3827178 2588
1332 3829766 1948
1333 3831714 524
1334 3832238 5881
1335 3838119 517
1336 3838636 2073
1337 3840709 6625
1338 3847334 5880
1339 3853214 2518
1340 3855732 3072
1341 3858804 8939
1342 3867743 3614
1343 3871357 3891
1344 3875248 3038
1345 3878286 8954
1346 3887240 4038
1347 3891278 3391
1348 3894669 3636
1349 3898305 1465
1350 3899770 4480
1351 3904250 1020
1352 3905270 1774
1353 3907044 5594
1354 3912638 2093
1355 3914731 1794
1356 3916525 15852
1357 3932377 5931
1358 3938308 2252
1359 3940560 2616
1360 3943176 5401
1361 3948577 3920
1362 3952497 13769
1363 3966266 3824
1364 3970090 1847
1365 3971937 3637
1366 3975574 6592
1367 3982166 2959
1368 3985125 563
1369 3985688 4688
1370 3990376 4554
1371 3994930 2708
1372 3997638 4741
1373 4002379 2156
1374 4004535 738
1375 4005273 785
1376 4006058 1099
1377 4007157 2942
1378 4010099 4414
1379 4014513 9682
1380 4024195 2194
1381 4026389 3169
1382 4029558 2104
1383 4031662 2285
1384 4033947 27046
1385 4060993 1898
1386 4062891 1778
1387 4064669 5378
1388 4070047 5468
1389 4075515 2505
1390 4078020 3416
1391 4081436 4780
1392 4086216 3731
1393 4089947 3384
1394 4093331 15492
1395 4108823 4148
1396 4112971 3601
1397 4116572 10161
1398 4126733 1686
1399 4128419 1507
1400 4129926 5872
1401 4135798 5258
1402 4141056 3860
1403 4144916 2203
1404 4147119 672
1405 4147791 1538
1406 4149329 4657
1407 4153986 2743
1408 4156729 1959
1409 4158688 8799
1410 4167487 6279
1411 4173766 5199
1412 4178965 1980
1413 4180945 6482
1414 4187427 2976
1415 4190403 2946
1416 4193349 7518
1417 4200867 1704
1418 4202571 2124
1419 4204695 2599
1420 4207294 1706
1421 4209000 7622
1422 4216622 3388
1423 4220010 3045
1424 4223055 1907
1425 4224962 5582
1426 4230544 8193
1427 4238737 3215
1428 4241952 585
1429 4242537 3664
1430 4246201 5131
1431 4251332 6917
1432 4258249 929
1433 4259178 2371
1434 4261549 4376
1435 4265925 3560
1436 4269485 2913
1437 4272398 5634
1438 4278032 5096
1439 4283128 7362
1440 4290490 1132
1441 4291622 3947
1442 4295569 1355
1443 4296924 7355
1444 4304279 3301
1445 4307580 4390
1446 4311970 4884
1447 4316854 2353
1448 4319207 6087
1449 4325294 2287
1450 4327581 1716
1451 4329297 15320
1452 4344617 5401
1453 4350018 1379
1454 4351397 5704
1455 4357101 1401
1456 4358502 4641
1457 4363143 4617
1458 4367760 9776
1459 4377536 1739
1460 4379275 3485
1461 4382760 15714
1462 4398474 9605
1463 4408079 3917
1464 4411996 7904
1465 4419900 3805
1466 4423705 14099
1467 4437804 5407
1468 4443211 5667
1469 4448878 2551
1470 4451429 8581
1471 4460010 7404
1472 4467414 2418
1473 4469832 1462
1474 4471294 1642
1475 4472936 2675
1476 4475611 2583
1477 4478194 2254
1478 4480448 3065
1479 4483513 2071
1480 4485584 2989
1481 4488573 6957
1482 4495530 6363
1483 4501893 6895
1484 4508788 6774
1485 4515562 3946
1486 4519508 8127
1487 4527635 7788
1488 4535423 3118
1489 4538541 1801
1490 4540342 2985
1491 4543327 1617
1492 4544944 3027
1493 4547971 3438
1494 4551409 1862
1495 4553271 1529
1496 4554800 4773
1497 4559573 1746
1498 4561319 1520
1499 4562839 2466
1500 4565305 3617
1501 4568922 2065
1502 4570987 1460
1503 4572447 2813
1504 4575260 7819
1505 4583079 3334
1506 4586413 3627
1507 4590040 8876
1508 4598916 3735
1509 4602651 2826
1510 4605477 2203
1511 4607680 3569
1512 4611249 3496
1513 4614745 2072
1514 4616817 1601
1515 4618418 1795
1516 4620213 6361
1517 4626574 3200
1518 4629774 2236
1519 4632010 1861
1520 4633871 3423
1521 4637294 2006
1522 4639300 4151
1523 4643451 2715
1524 4646166 3758
1525 4649924 1747
1526 4651671 1538
1527 4653209 1547
1528 4654756 1619
1529 4656375 3649
1530 4660024 2734
1531 4662758 3961
1532 4666719 2380
1533 4669099 2394
1534 4671493 2588
1535 4674081 2371
1536 4676452 2533
1537 4678985 23252
1538 4702237 3213
1539 4705450 3615
1540 4709065 6317
1541 4715382 3086
1542 4718468 3294
1543 4721762 3407
1544 4725169 5234
1545 4730403 1609
1546 4732012 2586
1547 4734598 3416
1548 4738014 2447
1549 4740461 1075
1550 4741536 2358
1551 4743894 5078
1552 4748972 4222
1553 4753194 3772
1554 4756966 2634
1555 4759600 5415
1556 4765015 2522
1557 4767537 3784
1558 4771321 1094
1559 4772415 5309
1560 4777724 1437
1561 4779161 1209
1562 4780370 2039
1563 4782409 7438
1564 4789847 3324
1565 4793171 2532
1566 4795703 7399
1567 4803102 1292
1568 4804394 1070
1569 4805464 9072
1570 4814536 11261
1571 4825797 9246
1572 4835043 16001
1573 4851044 8748
1574 4859792 8440
1575 4868232 7375
1576 4875607 11286
1577 4886893 19499
1578 4906392 13549
1579 4919941 5477
1580 4925418 485
1581 4925903 825
1582 4926728 3189
1583 4929917 7335
1584 4937252 532
1585 4937784 1530
1586 4939314 3452
1587 4942766 2096
1588 4944862 9162
1589 4954024 8016
1590 4962040 8559
1591 4970599 4684
1592 4975283 2682
1593 4977965 4076
1594 4982041 5073
1595 4987114 7145
1596 4994259 3400
1597 4997659 2827
1598 5000486 672
1599 5001158 1045
1600 5002203 1633
1601 5003836 6671
1602 5010507 1341
1603 5011848 11444
1604 5023292 6341
1605 5029633 4432
1606 5034065 25799
1607 5059864 3743
1608 5063607 5136
1609 5068743 8399
1610 5077142 9766
1611 5086908 4626
1612 5091534 6366
1613 5097900 9592
1614 5107492 12840
1615 5120332 4685
1616 5125017 10953
1617 5135970 6267
1618 5142237 5104
1619 5147341 1750
1620 5149091 3809
1621 5152900 4760
1622 5157660 3703
1623 5161363 10711
1624 5172074 9909
1625 5181983 6843
1626 5188826 6104
1627 5194930 6582
1628 5201512 5800
1629 5207312 4093
1630 5211405 3902
1631 5215307 3498
1632 5218805 3837
1633 5222642 3327
1634 5225969 12271
1635 5238240 12838
1636 5251078 4224
1637 5255302 2856
1638 5258158 5567
1639 5263725 15913
1640 5279638 4288
1641 5283926 712
1642 5284638 1197
1643 5285835 4405
1644 5290240 4379
1645 5294619 2084
1646 5296703 13033
1647 5309736 8829
1648 5318565 7742
1649 5326307 10693
1650 5337000 7000
1651 5344000 8943
1652 5352943 2337
1653 5355280 8159
1654 5363439 8291
1655 5371730 3892
1656 5375622 5752
1657 5381374 2542
1658 5383916 13739
1659 5397655 524
1660 5398179 1528
1661 5399707 3083
1662 5402790 6711
1663 5409501 8217
1664 5417718 3713
1665 5421431 5018
1666 5426449 3498
1667 5429947 1886
1668 5431833 989
1669 5432822 1408
1670 5434230 1167
1671 5435397 2096
1672 5437493 1296
1673 5438789 1735
1674 5440524 1805
1675 5442329 2179
1676 5444508 1801
1677 5446309 7664
1678 5453973 18352
1679 5472325 3876
1680 5476201 4408
1681 5480609 3343
1682 5483952 3546
1683 5487498 10510
1684 5498008 4062
1685 5502070 1216
1686 5503286 891
1687 5504177 1503
1688 5505680 964
1689 5506644 1972
1690 5508616 4461
1691 5513077 1629
1692 5514706 6241
1693 5520947 7697
1694 5528644 1992
1695 5530636 4002
1696 5534638 2672
1697 5537310 4770
1698 5542080 8847
1699 5550927 4976
1700 5555903 7974
1701 5563877 4784
1702 5568661 10038
1703 5578699 2211
1704 5580910 1616
1705 5582526 2100
1706 5584626 1875
1707 5586501 2436
1708 5588937 2894
1709 5591831 2582
1710 5594413 13301
1711 5607714 2489
1712 5610203 2260
1713 5612463 3086
1714 5615549 10160
1715 5625709 4720
1716 5630429 7000
1717 5637429 3660
1718 5641089 3427
1719 5644516 2847
1720 5647363 5878
1721 5653241 3084
1722 5656325 5859
1723 5662184 4773
1724 5666957 13735
1725 5680692 3831
1726 5684523 2970
1727 5687493 1624
1728 5689117 8109
1729 5697226 5692
1730 5702918 12503
1731 5715421 3816
1732 5719237 2205
1733 5721442 5468
1734 5726910 5850
1735 5732760 7928
1736 5740688 10143
1737 5750831 3603
1738 5754434 3389
1739 5757823 2185
1740 5760008 3784
1741 5763792 2031
1742 5765823 1484
1743 5767307 7379
1744 5774686 1021
1745 5775707 945
1746 5776652 1678
1747 5778330 3279
1748 5781609 1826
1749 5783435 4062
1750 5787497 4028
1751 5791525 1398
1752 5792923 4921
1753 5797844 2603
1754 5800447 1754
1755 5802201 1977
1756 5804178 1486
1757 5805664 8499
1758 5814163 4218
1759 5818381 3219
1760 5821600 12851
1761 5834451 4568
1762 5839019 2365
1763 5841384 2421
1764 5843805 653
1765 5844458 1370
1766 5845828 10076
1767 5855904 21755
1768 5877659 865
1769 5878524 3507
1770 5882031 3828
1771 5885859 1416
1772 5887275 1061
1773 5888336 5753
1774 5894089 1206
1775 5895295 904
1776 5896199 10814
1777 5907013 1349
1778 5908362 17719
1779 5926081 9467
1780 5935548 2837
1781 5938385 1349
1782 5939734 4592
1783 5944326 5949
1784 5950275 1053
1785 5951328 871
1786 5952199 2295
1787 5954494 8159
1788 5962653 3248
1789 5965901 1835
1790 5967736 523
1791 5968259 1541
1792 5969800 2269
1793 5972069 3801
1794 5975870 5927
1795 5981797 1323
1796 5983120 3161
1797 5986281 1233
1798 5987514 1307
1799 5988821 1097
1800 5989918 5529
1801 5995447 923
1802 5996370 4357
1803 6000727 336
1804 6001063 8868
1805 6009931 3583
1806 6013514 1599
1807 6015113 1331
1808 6016444 6388
1809 6022832 4065
1810 6026897 1243
1811 6028140 2936
1812 6031076 2649
1813 6033725 1772
1814 6035497 4103
1815 6039600 12809
1816 6052409 1467
1817 6053876 4022
1818 6057898 3572
1819 6061470 1357
1820 6062827 1080
1821 6063907 3951
1822 6067858 6865
1823 6074723 1576
1824 6076299 1510
1825 6077809 1445
1826 6079254 2423
1827 6081677 2150
1828 6083827 1739
1829 6085566 1756
1830 6087322 1147
1831 6088469 1628
1832 6090097 797
1833 6090894 7013
1834 6097907 8120
1835 6106027 1469
1836 6107496 1075
1837 6108571 4659
1838 6113230 2414
1839 6115644 1157
1840 6116801 6426
1841 6123227 1762
1842 6124989 7543
1843 6132532 2157
1844 6134689 6380
1845 6141069 3983
1846 6145052 1383
1847 6146435 8323
1848 6154758 6884
1849 6161642 9519
1850 6171161 3632
1851 6174793 2215
1852 6177008 3381
1853 6180389 4718
1854 6185107 1671
1855 6186778 1477
1856 6188255 3262
1857 6191517 1201
1858 6192718 1777
1859 6194495 4554
1860 6199049 1080
1861 6200129 4221
1862 6204350 1824
1863 6206174 2146
1864 6208320 4956
1865 6213276 2630
1866 6215906 2600
1867 6218506 360
1868 6218866 1526
1869 6220392 1499
1870 6221891 2188
1871 6224079 1492
1872 6225571 1080
1873 6226651 2666
1874 6229317 1014
1875 6230331 328
1876 6230659 4576
1877 6235235 1283
1878 6236518 892
1879 6237410 3917
1880 6241327 1339
1881 6242666 3127
1882 6245793 2622
1883 6248415 535
1884 6248950 1288
1885 6250238 1237
1886 6251475 2497
1887 6253972 1196
1888 6255168 8148
1889 6263316 589
1890 6263905 1334
1891 6265239 7414
1892 6272653 3867
1893 6276520 3714
1894 6280234 3466
1895 6283700 7008
1896 6290708 4921
1897 6295629 1659
1898 6297288 1593
1899 6298881 2036
1900 6300917 1341
1901 6302258 505
1902 6302763 1354
1903 6304117 2296
1904 6306413 4491
1905 6310904 1537
1906 6312441 11557
1907 6323998 2052
1908 6326050 815
1909 6326865 917
1910 6327782 1058
1911 6328840 1823
1912 6330663 714
1913 6331377 11570
1914 6342947 1781
1915 6344728 2963
1916 6347691 3744
1917 6351435 948
1918 6352383 2208
1919 6354591 1227
1920 6355818 4761
1921 6360579 309
1922 6360888 7054
1923 6367942 1041
1924 6368983 1780
1925 6370763 2565
1926 6373328 1483
1927 6374811 1244
1928 6376055 6678
1929 6382733 3538
1930 6386271 1005
1931 6387276 3533
1932 6390809 1651
1933 6392460 2994
1934 6395454 1318
1935 6396772 507
1936 6397279 774
1937 6398053 4835
1938 6402888 1232
1939 6404120 6445
1940 6410565 2690
1941 6413255 442
1942 6413697 4241
1943 6417938 519
1944 6418457 1485
1945 6419942 2124
1946 6422066 2794
1947 6424860 3174
1948 6428034 1374
1949 6429408 1532
1950 6430940 1134
1951 6432074 1449
1952 6433523 2348
1953 6435871 589
1954 6436460 1970
1955 6438430 3135
1956 6441565 2452
1957 6444017 7788
1958 6451805 2665
1959 6454470 2016
1960 6456486 6219
1961 6462705 4247
1962 6466952 4367
1963 6471319 3836
1964 6475155 6889
1965 6482044 3606
1966 6485650 3286
1967 6488936 4626
1968 6493562 5268
1969 6498830 4445
1970 6503275 3421
1971 6506696 4123
1972 6510819 1141
1973 6511960 7949
1974 6519909 4573
1975 6524482 4391
1976 6528873 4376
1977 6533249 4088
1978 6537337 5566
1979 6542903 7800
1980 6550703 2348
1981 6553051 2129
1982 6555180 2952
1983 6558132 2946
1984 6561078 4616
1985 6565694 5431
1986 6571125 3170
1987 6574295 4090
1988 6578385 5462
1989 6583847 4684
1990 6588531 5120
1991 6593651 2492
1992 6596143 2730
1993 6598873 2970
1994 6601843 8264
1995 6610107 1230
1996 6611337 772
1997 6612109 4150
1998 6616259 3346
1999 6619605 1546
2000 6621151 9951
2001 6631102 3070
2002 6634172 8757
2003 6642929 3965
2004 6646894 5247
2005 6652141 4934
2006 6657075 8586
2007 6665661 4799
2008 6670460 3922
2009 6674382 523
2010 6674905 4688
2011 6679593 4396
2012 6683989 3816
2013 6687805 5827
2014 6693632 7219
2015 6700851 6471
2016 6707322 2575
2017 6709897 3362
2018 6713259 969
2019 6714228 22913
2020 6737141 18583
2021 6755724 2585
2022 6758309 8479
2023 6766788 1648
2024 6768436 2396
2025 6770832 7138
2026 6777970 3341
2027 6781311 11016
2028 6792327 2877
2029 6795204 3513
2030 6798717 3224
2031 6801941 4838
2032 6806779 7267
2033 6814046 6905
2034 6820951 6194
2035 6827145 1076
2036 6828221 2787
2037 6831008 3448
2038 6834456 1048
2039 6835504 2439
2040 6837943 1555
2041 6839498 6346
2042 6845844 13627
2043 6859471 2099
2044 6861570 12955
2045 6874525 6472
2046 6880997 2880
2047 6883877 5034
2048 6888911 1965
2049 6890876 9047
2050 6899923 6566
2051 6906489 2482
2052 6908971 6448
2053 6915419 470
2054 6915889 3161
2055 6919050 2109
2056 6921159 10192
2057 6931351 1125
2058 6932476 1341
2059 6933817 5180
2060 6938997 6653
2061 6945650 7824
2062 6953474 1416
2063 6954890 1770
2064 6956660 2244
2065 6958904 3412
2066 6962316 1956
2067 6964272 2100
2068 6966372 6047
2069 6972419 2074
2070 6974493 1455
2071 6975948 1105
2072 6977053 3176
2073 6980229 6313
2074 6986542 1982
2075 6988524 2390
2076 6990914 2607
2077 6993521 2611
2078 6996132 3601
2079 6999733 1411
2080 7001144 8494
2081 7009638 3908
2082 7013546 1478
2083 7015024 10444
2084 7025468 4098
2085 7029566 7201
2086 7036767 10034
2087 7046801 3358
2088 7050159 6494
2089 7056653 4371
2090 7061024 4660
2091 7065684 2992
2092 7068676 1319
2093 7069995 3072
2094 7073067 1955
2095 7075022 1668
2096 7076690 1714
2097 7078404 3352
2098 7081756 2063
2099 7083819 2128
2100 7085947 982
2101 7086929 1892
2102 7088821 3956
2103 7092777 2197
2104 7094974 5397
2105 7100371 1743
2106 7102114 1895
2107 7104009 2543
2108 7106552 2378
2109 7108930 2185
2110 7111115 1792
2111 7112907 2382
2112 7115289 4953
2113 7120242 1627
2114 7121869 13674
2115 7135543 5371
2116 7140914 975
2117 7141889 14504
2118 7156393 1853
2119 7158246 1604
2120 7159850 1094
2121 7160944 1516
2122 7162460 1763
2123 7164223 6077
2124 7170300 2987
2125 7173287 3077
2126 7176364 2385
2127 7178749 1953
2128 7180702 2849
2129 7183551 5402
2130 7188953 15391
2131 7204344 7238
2132 7211582 3354
2133 7214936 3233
2134 7218169 2539
2135 7220708 2959
2136 7223667 1341
2137 7225008 2296
2138 7227304 5272
2139 7232576 1610
2140 7234186 1295
2141 7235481 1989
2142 7237470 2602
2143 7240072 1494
2144 7241566 1393
2145 7242959 2489
2146 7245448 224
2147 7245672 224
2148 7245896 266
2149 7246162 248
2150 7246410 194
2151 7246604 276
2152 7246880 274
2153 7247154 274
2154 7247428 272
2155 7247700 278
2156 7247978 260
2157 7248238 224
2158 7248462 190
2159 7248652 200
2160 7248852 244
2161 7249096 238
2162 7249334 282
2163 7249616 232
2164 7249848 194
2165 7250042 206
2166 7250248 236
2167 7250484 224
2168 7250708 262
2169 7250970 264
2170 7251234 272
2171 7251506 264
2172 7251770 194
2173 7251964 250
2174 7252214 278
2175 7252492 238
2176 7252730 274
2177 7253004 222
2178 7253226 262
2179 7253488 272
2180 7253760 266
2181 7254026 280
2182 7254306 232
2183 7254538 286
2184 7254824 268
2185 7255092 274
2186 7255366 278
2187 7255644 266
2188 7255910 262
2189 7256172 252
2190 7256424 236
2191 7256660 206
2192 7256866 274
2193 7257140 260
2194 7257400 212
2195 7257612 182
2196 7257794 2678
2197 7260472 2746
2198 7263218 1918
2199 7265136 2437
2200 7267573 1555
2201 7269128 1146
2202 7270274 1146
2203 7271420 1138
2204 7272558 1121
2205 7273679 8081
2206 7281760 5547
2207 7287307 1321
2208 7288628 2005
2209 7290633 4756
2210 7295389 6786
2211 7302175 8187
2212 7310362 3917
2213 7314279 1245
2214 7315524 8857
2215 7324381 6017
2216 7330398 2061
2217 7332459 4456
2218 7336915 1943
2219 7338858 2401
2220 7341259 1269
2221 7342528 2922
2222 7345450 2156
2223 7347606 3013
2224 7350619 939
2225 7351558 3769
2226 7355327 2595
2227 7357922 1513
2228 7359435 3408
2229 7362843 1655
2230 7364498 6373
2231 7370871 2467
2232 7373338 2154
2233 7375492 5073
2234 7380565 8569
2235 7389134 5191
2236 7394325 1089
2237 7395414 1464
2238 7396878 2467
2239 7399345 2363
2240 7401708 1821
2241 7403529 3504
2242 7407033 2421
2243 7409454 3928
2244 7413382 3756
2245 7417138 438
2246 7417576 13388
2247 7430964 2463
2248 7433427 2085
2249 7435512 2433
2250 7437945 2657
2251 7440602 6384
2252 7446986 7999
2253 7454985 5231
2254 7460216 5949
2255 7466165 4561
2256 7470726 2497
2257 7473223 2485
2258 7475708 7416
2259 7483124 8513
2260 7491637 645
2261 7492282 2796
2262 7495078 3247
2263 7498325 1779
2264 7500104 1922
2265 7502026 638
2266 7502664 479
2267 7503143 602
2268 7503745 2574
2269 7506319 2516
2270 7508835 1919
2271 7510754 5771
2272 7516525 2034
2273 7518559 3822
2274 7522381 8135
2275 7530516 4189
2276 7534705 2385
2277 7537090 1575
2278 7538665 3010
2279 7541675 1777
2280 7543452 8308
2281 7551760 1697
2282 7553457 2812
2283 7556269 2701
2284 7558970 1245
2285 7560215 1101
2286 7561316 856
2287 7562172 976
2288 7563148 991
2289 7564139 2355
2290 7566494 1739
2291 7568233 1148
2292 7569381 898
2293 7570279 1129
2294 7571408 1353
2295 7572761 994
2296 7573755 1945
2297 7575700 2621
2298 7578321 1271
2299 7579592 2738
2300 7582330 2814
2301 7585144 2995
2302 7588139 1058
2303 7589197 3623
2304 7592820 4292
2305 7597112 3328
2306 7600440 5879
2307 7606319 3297
2308 7609616 918
2309 7610534 2325
2310 7612859 4625
2311 7617484 792
2312 7618276 5803
2313 7624079 1232
2314 7625311 6013
2315 7631324 872
2316 7632196 1616
2317 7633812 871
2318 7634683 3272
2319 7637955 6415
2320 7644370 824
2321 7645194 3418
2322 7648612 4035
2323 7652647 1245
2324 7653892 1079
2325 7654971 1800
2326 7656771 1533
2327 7658304 2495
2328 7660799 2494
2329 7663293 1746
2330 7665039 1377
2331 7666416 2908
2332 7669324 2435
2333 7671759 1566
2334 7673325 1859
2335 7675184 1079
2336 7676263 949
2337 7677212 3362
2338 7680574 1956
2339 7682530 1927
2340 7684457 2222
2341 7686679 1952
2342 7688631 3122
2343 7691753 1792
2344 7693545 3195
2345 7696740 515
2346 7697255 1103
2347 7698358 808
2348 7699166 2566
2349 7701732 1055
2350 7702787 2278
2351 7705065 1860
2352 7706925 1422
2353 7708347 722
2354 7709069 1675
2355 7710744 2536
2356 7713280 1564
2357 7714844 2284
2358 7717128 2387
2359 7719515 2247
2360 7721762 1065
2361 7722827 2518
2362 7725345 1424
2363 7726769 4184
2364 7730953 2107
2365 7733060 1788
2366 7734848 4211
2367 7739059 535
2368 7739594 828
2369 7740422 2562
2370 7742984 4237
2371 7747221 3556
2372 7750777 902
2373 7751679 3512
2374 7755191 1219
2375 7756410 2393
2376 7758803 2652
2377 7761455 5314
2378 7766769 1308
2379 7768077 14600
2380 7782677 1100
2381 7783777 1321
2382 7785098 6878
2383 7791976 6210
2384 7798186 9208
2385 7807394 11701
2386 7819095 2077
2387 7821172 6506
2388 7827678 5821
2389 7833499 7712
2390 7841211 5982
2391 7847193 1227
2392 7848420 9986
2393 7858406 5508
2394 7863914 3041
2395 7866955 1994
2396 7868949 2321
2397 7871270 1824
2398 7873094 1418
2399 7874512 1498
2400 7876010 1563
2401 7877573 1637
2402 7879210 3459
2403 7882669 2549
2404 7885218 15277
2405 7900495 3305
2406 7903800 6154
2407 7909954 2554
2408 7912508 3688
2409 7916196 2759
2410 7918955 9365
2411 7928320 1382
2412 7929702 4975
2413 7934677 1400
2414 7936077 1696
2415 7937773 1834
2416 7939607 2874
2417 7942481 8167
2418 7950648 7518
2419 7958166 3489
2420 7961655 9749
2421 7971404 1643
2422 7973047 950
2423 7973997 1653
2424 7975650 4131
2425 7979781 1023
2426 7980804 15091
2427 7995895 7789
2428 8003684 2857
2429 8006541 3627
2430 8010168 2733
2431 8012901 1211
2432 8014112 2143
2433 8016255 11861
2434 8028116 5355
2435 8033471 5898
2436 8039369 1764
2437 8041133 22669
2438 8063802 1505
2439 8065307 6619
2440 8071926 3774
2441 8075700 2098
2442 8077798 8075
2443 8085873 11539
2444 8097412 2037
2445 8099449 3597
2446 8103046 5159
2447 8108205 5324
2448 8113529 5152
2449 8118681 6330
2450 8125011 1023
2451 8126034 7188
2452 8133222 2933
2453 8136155 4209
2454 8140364 6414
2455 8146778 2875
2456 8149653 1584
2457 8151237 2911
2458 8154148 3391
2459 8157539 1762
2460 8159301 5544
2461 8164845 9062
2462 8173907 2283
2463 8176190 8410
2464 8184600 6788
2465 8191388 6450
2466 8197838 3679
2467 8201517 3372
2468 8204889 2878
2469 8207767 3404
2470 8211171 460
2471 8211631 2158
2472 8213789 3916
2473 8217705 2900
2474 8220605 3569
2475 8224174 2686
2476 8226860 6551
2477 8233411 9412
2478 8242823 8429
2479 8251252 10516
2480 8261768 9683
2481 8271451 10265
2482 8281716 7947
2483 8289663 5463
2484 8295126 6233
2485 8301359 3540
2486 8304899 3979
2487 8308878 1547
2488 8310425 1652
2489 8312077 3141
2490 8315218 3503
2491 8318721 5926
2492 8324647 4583
2493 8329230 3473
2494 8332703 11593
2495 8344296 5141
2496 8349437 4795
2497 8354232 1060
2498 8355292 4156
2499 8359448 3647
2500 8363095 3432
2501 8366527 4547
2502 8371074 7975
2503 8379049 2235
2504 8381284 5527
2505 8386811 4367
2506 8391178 6521
2507 8397699 4779
2508 8402478 2157
2509 8404635 2133
2510 8406768 1483
2511 8408251 3303
2512 8411554 4585
2513 8416139 4124
2514 8420263 6225
2515 8426488 8567
2516 8435055 1843
2517 8436898 5770
2518 8442668 7264
2519 8449932 1275
2520 8451207 3410
2521 8454617 4097
2522 8458714 1616
2523 8460330 7284
2524 8467614 2744
2525 8470358 10129
2526 8480487 4282
2527 8484769 5794
2528 8490563 804
2529 8491367 3746
2530 8495113 1965
2531 8497078 4995
2532 8502073 6540
2533 8508613 4717
2534 8513330 4235
2535 8517565 3603
2536 8521168 3050
2537 8524218 8645
2538 8532863 4036
2539 8536899 7532
2540 8544431 38568
2541 8582999 17872
2542 8600871 5291
2543 8606162 2769
2544 8608931 10541
2545 8619472 3783
2546 8623255 4728
2547 8627983 5408
2548 8633391 4826
2549 8638217 5246
2550 8643463 6726
2551 8650189 6485
2552 8656674 4679
2553 8661353 4150
2554 8665503 8953
2555 8674456 8405
2556 8682861 5483
2557 8688344 4272
2558 8692616 7444
2559 8700060 7905
2560 8707965 5648
2561 8713613 4465
2562 8718078 4960
2563 8723038 4318
2564 8727356 4370
2565 8731726 5346
2566 8737072 1257
2567 8738329 4009
2568 8742338 19872
2569 8762210 3709
2570 8765919 6333
2571 8772252 4678
2572 8776930 2814
2573 8779744 3481
2574 8783225 3914
2575 8787139 3468
2576 8790607 4277
2577 8794884 4244
2578 8799128 8219
2579 8807347 7863
2580 8815210 8003
2581 8823213 7310
2582 8830523 1629
2583 8832152 5252
2584 8837404 16449
2585 8853853 4608
2586 8858461 9449
2587 8867910 5309
2588 8873219 4197
2589 8877416 4786
2590 8882202 5555
2591 8887757 4113
2592 8891870 3746
2593 8895616 3418
2594 8899034 18431
2595 8917465 4808
2596 8922273 5364
2597 8927637 3399
2598 8931036 11475
2599 8942511 7877
2600 8950388 19539
2601 8969927 5455
2602 8975382 1230
2603 8976612 2127
2604 8978739 2871
2605 8981610 3666
2606 8985276 19354
2607 9004630 19777
2608 9024407 4352
2609 9028759 4298
2610 9033057 3522
2611 9036579 12565
2612 9049144 6785
2613 9055929 25787
2614 9081716 11228
2615 9092944 7095
2616 9100039 1551
2617 9101590 5948
2618 9107538 6352
2619 9113890 23591
2620 9137481 1567
2621 9139048 2810
2622 9141858 3754
2623 9145612 1649
2624 9147261 2699
2625 9149960 512
2626 9150472 4148
2627 9154620 6070
2628 9160690 1736
2629 9162426 3591
2630 9166017 2453
2631 9168470 5778
2632 9174248 7764
2633 9182012 4937
2634 9186949 905
2635 9187854 1271
2636 9189125 2031
2637 9191156 4063
2638 9195219 3492
2639 9198711 604
2640 9199315 4057
2641 9203372 2908
2642 9206280 2851
2643 9209131 3503
2644 9212634 5610
2645 9218244 4645
2646 9222889 5092
2647 9227981 2705
2648 9230686 9166
2649 9239852 9404
2650 9249256 5546
2651 9254802 2021
2652 9256823 7353
2653 9264176 2606
2654 9266782 8364
2655 9275146 1306
2656 9276452 1882
2657 9278334 3086
2658 9281420 4558
2659 9285978 2023
2660 9288001 1199
2661 9289200 1219
2662 9290419 5287
2663 9295706 2781
2664 9298487 4014
2665 9302501 1136
2666 9303637 2022
2667 9305659 2144
2668 9307803 1337
2669 9309140 2892
2670 9312032 1584
2671 9313616 737
2672 9314353 532
2673 9314885 861
2674 9315746 672
2675 9316418 533
2676 9316951 571
2677 9317522 1341
2678 9318863 3524
2679 9322387 3739
2680 9326126 512
2681 9326638 2085
2682 9328723 1338
2683 9330061 3396
2684 9333457 3268
2685 9336725 5324
2686 9342049 3010
2687 9345059 3811
2688 9348870 3290
2689 9352160 3039
2690 9355199 1935
2691 9357134 3198
2692 9360332 3622
2693 9363954 11152
2694 9375106 10075
2695 9385181 3824
2696 9389005 3448
2697 9392453 4218
2698 9396671 1517
2699 9398188 1458
2700 9399646 2353
2701 9401999 1950
2702 9403949 3102
2703 9407051 2388
2704 9409439 3337
2705 9412776 3688
2706 9416464 6354
2707 9422818 1485
2708 9424303 2682
2709 9426985 2091
2710 9429076 3106
2711 9432182 1600
2712 9433782 8512
2713 9442294 3501
2714 9445795 3388
2715 9449183 7913
2716 9457096 8197
2717 9465293 8634
2718 9473927 5683
2719 9479610 7079
2720 9486689 1792
2721 9488481 6421
2722 9494902 9033
2723 9503935 3861
2724 9507796 4590
2725 9512386 2724
2726 9515110 2394
2727 9517504 3858
2728 9521362 4806
2729 9526168 4259
2730 9530427 7049
2731 9537476 8485
2732 9545961 8333
2733 9554294 5404
2734 9559698 2409
2735 9562107 7594
2736 9569701 2895
2737 9572596 1055
2738 9573651 3049
2739 9576700 10596
2740 9587296 7559
2741 9594855 7612
2742 9602467 1036
2743 9603503 2964
2744 9606467 8023
2745 9614490 6937
2746 9621427 4057
2747 9625484 9575
2748 9635059 9626
2749 9644685 2701
2750 9647386 3789
2751 9651175 5686
2752 9656861 14778
2753 9671639 3040
2754 9674679 4451
2755 9679130 7887
2756 9687017 6494
2757 9693511 2502
2758 9696013 3861
2759 9699874 3796
2760 9703670 3381
2761 9707051 5073
2762 9712124 2235
2763 9714359 1358
2764 9715717 3990
2765 9719707 985
2766 9720692 3481
2767 9724173 3295
2768 9727468 3670
2769 9731138 3271
2770 9734409 2459
2771 9736868 981
2772 9737849 1256
2773 9739105 8061
2774 9747166 7007
2775 9754173 4478
2776 9758651 7292
2777 9765943 990
2778 9766933 3324
2779 9770257 9065
2780 9779322 2142
2781 9781464 6290
2782 9787754 6281
2783 9794035 1137
2784 9795172 825
2785 9795997 6795
2786 9802792 3576
2787 9806368 2675
2788 9809043 4247
2789 9813290 2620
2790 9815910 2723
2791 9818633 3569
2792 9822202 3467
2793 9825669 3792
2794 9829461 3067
2795 9832528 4302
2796 9836830 3995
2797 9840825 4157
2798 9844982 3541
2799 9848523 3641
2800 9852164 3803
2801 9855967 4002
2802 9859969 3469
2803 9863438 3761
2804 9867199 3476
2805 9870675 3088
2806 9873763 3130
2807 9876893 4059
2808 9880952 3265
2809 9884217 3405
2810 9887622 3451
2811 9891073 3513
2812 9894586 4671
2813 9899257 1508
2814 9900765 3411
2815 9904176 5063
2816 9909239 3287
2817 9912526 3728
2818 9916254 3478
2819 9919732 2734
2820 9922466 3236
2821 9925702 3644
2822 9929346 3193
2823 9932539 3548
2824 9936087 18937
2825 9955024 4514
2826 9959538 3779
2827 9963317 3619
2828 9966936 4327
2829 9971263 1236
2830 9972499 930
2831 9973429 2958
2832 9976387 4069
2833 9980456 3547
2834 9984003 3526
2835 9987529 2610
2836 9990139 1107
2837 9991246 4220
2838 9995466 19812
2839 10015278 3327
2840 10018605 4813
2841 10023418 3313
2842 10026731 3645
2843 10030376 4321
2844 10034697 5465
2845 10040162 3021
2846 10043183 2753
2847 10045936 3746
2848 10049682 2128
2849 10051810 4012
2850 10055822 13143
2851 10068965 2519
2852 10071484 1923
2853 10073407 3627
2854 10077034 3870
2855 10080904 3880
2856 10084784 1901
2857 10086685 5443
2858 10092128 6881
2859 10099009 2513
2860 10101522 4587
2861 10106109 1508
2862 10107617 2489
2863 10110106 2678
2864 10112784 819
2865 10113603 5366
2866 10118969 274
2867 10119243 843
2868 10120086 3582
2869 10123668 5931
2870 10129599 1243
2871 10130842 1390
2872 10132232 2392
2873 10134624 2208
2874 10136832 4066
2875 10140898 1145
2876 10142043 1789
2877 10143832 2008
2878 10145840 3132
2879 10148972 7149
2880 10156121 8618
2881 10164739 3972
2882 10168711 4003
2883 10172714 4633
2884 10177347 3909
2885 10181256 1163
2886 10182419 4222
2887 10186641 2714
2888 10189355 1722
2889 10191077 4046
2890 10195123 3882
2891 10199005 2896
2892 10201901 1296
2893 10203197 3172
2894 10206369 7697
2895 10214066 19080
2896 10233146 2203
2897 10235349 3791
2898 10239140 1653
2899 10240793 4259
2900 10245052 8860
2901 10253912 3150
2902 10257062 8717
2903 10265779 5774
2904 10271553 2173
2905 10273726 1220
2906 10274946 3870
2907 10278816 1671
2908 10280487 3446
2909 10283933 2812
2910 10286745 6299
2911 10293044 1813
2912 10294857 6761
2913 10301618 3680
2914 10305298 10441
2915 10315739 4569
2916 10320308 3531
2917 10323839 6459
2918 10330298 9645
2919 10339943 1599
2920 10341542 2784
2921 10344326 4566
2922 10348892 8720
2923 10357612 1592
2924 10359204 4822
2925 10364026 609
2926 10364635 643
2927 10365278 616
2928 10365894 661
2929 10366555 643
2930 10367198 619
2931 10367817 589
2932 10368406 612
2933 10369018 646
2934 10369664 656
2935 10370320 626
2936 10370946 621
2937 10371567 624
2938 10372191 624
2939 10372815 624
2940 10373439 621
2941 10374060 615
2942 10374675 626
2943 10375301 630
2944 10375931 642
2945 10376573 625
2946 10377198 612
2947 10377810 618
2948 10378428 671
2949 10379099 614
2950 10379713 357
2951 10380070 659
2952 10380729 644
2953 10381373 560
2954 10381933 624
2955 10382557 622
2956 10383179 664
2957 10383843 621
2958 10384464 617
2959 10385081 542
2960 10385623 612
2961 10386235 627
2962 10386862 612
2963 10387474 613
2964 10388087 612
2965 10388699 618
2966 10389317 646
2967 10389963 655
2968 10390618 622
2969 10391240 612
2970 10391852 281
2971 10392133 298
2972 10392431 625
2973 10393056 275
2974 10393331 297
2975 10393628 653
2976 10394281 620
2977 10394901 647
2978 10395548 621
2979 10396169 627
2980 10396796 622
2981 10397418 626
2982 10398044 646
2983 10398690 645
2984 10399335 624
2985 10399959 646
2986 10400605 642
2987 10401247 620
2988 10401867 617
2989 10402484 622
2990 10403106 619
2991 10403725 608
2992 10404333 612
2993 10404945 615
2994 10405560 623
2995 10406183 631
2996 10406814 623
2997 10407437 646
2998 10408083 588
2999 10408671 644
3000 10409315 629
3001 10409944 611
3002 10410555 625
3003 10411180 646
3004 10411826 623
3005 10412449 625
3006 10413074 622
3007 10413696 622
3008 10414318 653
3009 10414971 631
3010 10415602 646
3011 10416248 654
3012 10416902 612
3013 10417514 605
3014 10418119 616
3015 10418735 623
3016 10419358 631
3017 10419989 624
3018 10420613 627
3019 10421240 588
3020 10421828 646
3021 10422474 615
3022 10423089 626
3023 10423715 612
3024 10424327 646
3025 10424973 619
3026 10425592 629
3027 10426221 646
3028 10426867 606
3029 10427473 616
3030 10428089 624
3031 10428713 633
3032 10429346 625
3033 10429971 622
3034 10430593 590
3035 10431183 644
3036 10431827 628
3037 10432455 610
3038 10433065 646
3039 10433711 620
3040 10434331 629
3041 10434960 694
3042 10435654 631
3043 10436285 645
3044 10436930 607
3045 10437537 587
3046 10438124 609
3047 10438733 617
3048 10439350 624
3049 10439974 631
3050 10440605 624
3051 10441229 620
3052 10441849 627
3053 10442476 612
3054 10443088 645
3055 10443733 645
3056 10444378 617
3057 10444995 617
3058 10445612 645
3059 10446257 607
3060 10446864 620
3061 10447484 624
3062 10448108 633
3063 10448741 624
3064 10449365 621
3065 10449986 587
3066 10450573 645
3067 10451218 627
3068 10451845 608
3069 10452453 616
3070 10453069 625
3071 10453694 615
3072 10454309 618
3073 10454927 624
3074 10455551 635
3075 10456186 625
3076 10456811 622
3077 10457433 679
3078 10458112 612
3079 10458724 668
3080 10459392 660
3081 10460052 617
3082 10460669 627
3083 10461296 620
3084 10461916 609
3085 10462525 618
3086 10463143 619
3087 10463762 634
3088 10464396 624
3089 10465020 653
3090 10465673 613
3091 10466286 634
3092 10466920 627
3093 10467547 611
3094 10468158 648
3095 10468806 605
3096 10469411 617
3097 10470028 624
3098 10470652 628
3099 10471280 626
3100 10471906 610
3101 10472516 613
3102 10473129 603
3103 10473732 627
3104 10474359 625
3105 10474984 607
3106 10475591 619
3107 10476210 624
3108 10476834 634
3109 10477468 624
3110 10478092 653
3111 10478745 610
3112 10479355 676
3113 10480031 600
3114 10480631 625
3115 10481256 663
3116 10481919 619
3117 10482538 614
3118 10483152 620
3119 10483772 624
3120 10484396 606
3121 10485002 618
3122 10485620 624
3123 10486244 678
3124 10486922 609
3125 10487531 622
3126 10488153 630
3127 10488783 642
3128 10489425 605
3129 10490030 619
3130 10490649 619
3131 10491268 631
3132 10491899 628
3133 10492527 640
3134 10493167 636
3135 10493803 626
3136 10494429 608
3137 10495037 630
3138 10495667 647
3139 10496314 646
3140 10496960 589
3141 10497549 648
3142 10498197 608
3143 10498805 626
3144 10499431 611
3145 10500042 613
3146 10500655 646
3147 10501301 624
3148 10501925 683
3149 10502608 628
3150 10503236 6358
3151 10509594 3586
3152 10513180 6863
3153 10520043 10185
3154 10530228 2181
3155 10532409 3678
3156 10536087 2339
3157 10538426 3711
3158 10542137 2950
3159 10545087 3777
3160 10548864 1625
3161 10550489 10142
3162 10560631 2147
3163 10562778 4990
3164 10567768 2423
3165 10570191 1517
3166 10571708 7961
3167 10579669 6798
3168 10586467 4456
3169 10590923 9621
3170 10600544 6416
3171 10606960 5741
3172 10612701 2881
3173 10615582 5686
3174 10621268 10454
3175 10631722 4319
3176 10636041 6169
3177 10642210 4643
3178 10646853 2280
3179 10649133 3435
3180 10652568 8910
3181 10661478 1811
3182 10663289 5746
3183 10669035 4053
3184 10673088 4058
3185 10677146 2616
3186 10679762 372
3187 10680134 1861
3188 10681995 7408
3189 10689403 4454
3190 10693857 2434
3191 10696291 1748
3192 10698039 3092
3193 10701131 3531
3194 10704662 2797
3195 10707459 5244
3196 10712703 1181
3197 10713884 1167
3198 10715051 3119
3199 10718170 7626
3200 10725796 7659
3201 10733455 1194
3202 10734649 6041
3203 10740690 1697
3204 10742387 2334
3205 10744721 4843
3206 10749564 1728
3207 10751292 3362
3208 10754654 1932
3209 10756586 1176
3210 10757762 2646
3211 10760408 675
3212 10761083 2805
3213 10763888 5215
3214 10769103 1661
3215 10770764 2839
3216 10773603 4167
3217 10777770 1256
3218 10779026 1116
3219 10780142 1623
3220 10781765 1187
3221 10782952 1667
3222 10784619 829
3223 10785448 870
3224 10786318 3832
3225 10790150 835
3226 10790985 3119
3227 10794104 7850
3228 10801954 2552
3229 10804506 1511
3230 10806017 3166
3231 10809183 1163
3232 10810346 2704
3233 10813050 2356
3234 10815406 1351
3235 10816757 1034
3236 10817791 3077
3237 10820868 1469
3238 10822337 8358
3239 10830695 1468
3240 10832163 2061
3241 10834224 961
3242 10835185 1671
3243 10836856 1630
3244 10838486 919
3245 10839405 9651
3246 10849056 3964
3247 10853020 1299
3248 10854319 5521
3249 10859840 1244
3250 10861084 1960
3251 10863044 2668
3252 10865712 2424
3253 10868136 1220
3254 10869356 6824
3255 10876180 3173
3256 10879353 2600
3257 10881953 5248
3258 10887201 1921
3259 10889122 2576
3260 10891698 4781
3261 10896479 4734
3262 10901213 4493
3263 10905706 3094
3264 10908800 7701
3265 10916501 5819
3266 10922320 3535
3267 10925855 3350
3268 10929205 2372
3269 10931577 3501
3270 10935078 2181
3271 10937259 2046
3272 10939305 9195
3273 10948500 5416
3274 10953916 7532
3275 10961448 5448
3276 10966896 4866
3277 10971762 8274
3278 10980036 11959
3279 10991995 6339
3280 10998334 1440
3281 10999774 1865
3282 11001639 983
3283 11002622 5307
3284 11007929 2960
3285 11010889 678
3286 11011567 4198
3287 11015765 823
3288 11016588 3156
3289 11019744 741
3290 11020485 928
3291 11021413 4236
3292 11025649 1283
3293 11026932 1815
3294 11028747 1156
3295 11029903 1644
3296 11031547 886
3297 11032433 2506
3298 11034939 4392
3299 11039331 4690
3300 11044021 1118
3301 11045139 2250
3302 11047389 964
3303 11048353 1980
3304 11050333 1201
3305 11051534 1491
3306 11053025 562
3307 11053587 3973
3308 11057560 1456
3309 11059016 4819
3310 11063835 2490
3311 11066325 2074
3312 11068399 2496
3313 11070895 2247
3314 11073142 3492
3315 11076634 1680
3316 11078314 1130
3317 11079444 2614
3318 11082058 2033
3319 11084091 1903
3320 11085994 4298
3321 11090292 14604
3322 11104896 2130
3323 11107026 6593
3324 11113619 13736
3325 11127355 9067
3326 11136422 3711
3327 11140133 4612
3328 11144745 3645
3329 11148390 5677
3330 11154067 1696
3331 11155763 3992
3332 11159755 1897
3333 11161652 9769
3334 11171421 6492
3335 11177913 2458
3336 11180371 4534
3337 11184905 7556
3338 11192461 2091
3339 11194552 3710
3340 11198262 4318
3341 11202580 1091
3342 11203671 2219
3343 11205890 1592
3344 11207482 3080
3345 11210562 1181
3346 11211743 586
3347 11212329 1572
3348 11213901 1643
3349 11215544 1569
3350 11217113 8823
3351 11225936 4438
3352 11230374 2929
3353 11233303 612
3354 11233915 7694
3355 11241609 4052
3356 11245661 12559
3357 11258220 4933
3358 11263153 2532
3359 11265685 6318
3360 11272003 2629
3361 11274632 308
3362 11274940 2358
3363 11277298 3865
3364 11281163 2827
3365 11283990 13570
3366 11297560 7941
3367 11305501 1918
3368 11307419 2789
3369 11310208 1940
3370 11312148 1858
3371 11314006 3480
3372 11317486 2225
3373 11319711 3067
3374 11322778 2000
3375 11324778 1838
3376 11326616 2200
3377 11328816 2946
3378 11331762 2866
3379 11334628 1939
3380 11336567 2613
3381 11339180 3330
3382 11342510 2177
3383 11344687 1920
3384 11346607 1783
3385 11348390 2095
3386 11350485 4511
3387 11354996 3907
3388 11358903 3809
3389 11362712 3016
3390 11365728 2461
3391 11368189 2576
3392 11370765 2341
3393 11373106 2382
3394 11375488 323
3395 11375811 5874
3396 11381685 9963
3397 11391648 2817
3398 11394465 969
3399 11395434 4433
3400 11399867 7181
3401 11407048 308
3402 11407356 3208
3403 11410564 2681
3404 11413245 2388
3405 11415633 2607
3406 11418240 3578
3407 11421818 4363
3408 11426181 2620
3409 11428801 5001
3410 11433802 2759
3411 11436561 8237
3412 11444798 2762
3413 11447560 6297
3414 11453857 2456
3415 11456313 1229
3416 11457542 17850
3417 11475392 9883
3418 11485275 2970
3419 11488245 3253
3420 11491498 5897
3421 11497395 3492
3422 11500887 1951
3423 11502838 3089
3424 11505927 4504
3425 11510431 4385
3426 11514816 3729
3427 11518545 3001
3428 11521546 24585
3429 11546131 11342
3430 11557473 16334
3431 11573807 30737
3432 11604544 3795
3433 11608339 3136
3434 11611475 5169
3435 11616644 5560
3436 11622204 4694
3437 11626898 5531
3438 11632429 1873
3439 11634302 3877
3440 11638179 6075
3441 11644254 4430
3442 11648684 967
3443 11649651 784
3444 11650435 4168
3445 11654603 2665
3446 11657268 2954
3447 11660222 1248
3448 11661470 1941
3449 11663411 2314
3450 11665725 2732
3451 11668457 2300
3452 11670757 1287
3453 11672044 4695
3454 11676739 4576
3455 11681315 3573
3456 11684888 3126
3457 11688014 4100
3458 11692114 4499
3459 11696613 2769
3460 11699382 3817
3461 11703199 2304
3462 11705503 1735
3463 11707238 2293
3464 11709531 20494
3465 11730025 3306
3466 11733331 4078
3467 11737409 1913
3468 11739322 8728
3469 11748050 2672
3470 11750722 5311
3471 11756033 5343
3472 11761376 3683
3473 11765059 4164
3474 11769223 5926
3475 11775149 3023
3476 11778172 5456
3477 11783628 1732
3478 11785360 2615
3479 11787975 5026
3480 11793001 4783
3481 11797784 3306
3482 11801090 5414
3483 11806504 5485
3484 11811989 4272
3485 11816261 2532
3486 11818793 4406
3487 11823199 7394
3488 11830593 4725
3489 11835318 896
3490 11836214 787
3491 11837001 2228
3492 11839229 1773
3493 11841002 931
3494 11841933 1833
3495 11843766 12131
3496 11855897 4429
3497 11860326 9975
3498 11870301 1110
3499 11871411 3374
3500 11874785 1396
3501 11876181 3510
3502 11879691 5360
3503 11885051 5535
3504 11890586 2573
3505 11893159 1541
3506 11894700 3313
3507 11898013 1875
3508 11899888 3270
3509 11903158 5106
3510 11908264 2125
3511 11910389 5825
3512 11916214 4210
3513 11920424 4911
3514 11925335 3684
3515 11929019 2003
3516 11931022 3219
3517 11934241 2864
3518 11937105 7580
3519 11944685 413
3520 11945098 515
3521 11945613 11263
3522 11956876 4494
3523 11961370 3679
3524 11965049 9029
3525 11974078 3410
3526 11977488 2054
3527 11979542 2004
3528 11981546 7134
3529 11988680 6467
3530 11995147 3693
3531 11998840 2249
3532 12001089 14972
3533 12016061 6417
3534 12022478 1331
3535 12023809 1978
3536 12025787 2940
3537 12028727 2587
3538 12031314 2139
3539 12033453 1591
3540 12035044 743
3541 12035787 1393
3542 12037180 737
3543 12037917 389
3544 12038306 3990
3545 12042296 3065
3546 12045361 4167
3547 12049528 7610
3548 12057138 5440
3549 12062578 1358
3550 12063936 1175
3551 12065111 931
3552 12066042 1861
3553 12067903 2422
3554 12070325 5499
3555 12075824 2513
3556 12078337 8103
3557 12086440 2473
3558 12088913 918
3559 12089831 849
3560 12090680 1645
3561 12092325 2241
3562 12094566 7289
3563 12101855 1643
3564 12103498 4771
3565 12108269 2459
3566 12110728 3640
3567 12114368 2695
3568 12117063 6971
3569 12124034 2306
3570 12126340 3025
3571 12129365 4607
3572 12133972 2525
3573 12136497 2887
3574 12139384 1908
3575 12141292 1277
3576 12142569 4740
3577 12147309 1637
3578 12148946 1006
3579 12149952 1605
3580 12151557 1803
3581 12153360 4612
3582 12157972 1676
3583 12159648 2688
3584 12162336 9352
3585 12171688 1880
3586 12173568 2637
3587 12176205 9093
3588 12185298 3554
3589 12188852 6161
3590 12195013 3372
3591 12198385 2959
3592 12201344 7885
3593 12209229 1737
3594 12210966 2204
3595 12213170 1650
3596 12214820 966
3597 12215786 1682
3598 12217468 1784
3599 12219252 7390
3600 12226642 3146
3601 12229788 1678
3602 12231466 1414
3603 12232880 7691
3604 12240571 1995
3605 12242566 2117
3606 12244683 1787
3607 12246470 1689
3608 12248159 2080
3609 12250239 1160
3610 12251399 9656
3611 12261055 2023
3612 12263078 1857
3613 12264935 2649
3614 12267584 3191
3615 12270775 3466
3616 12274241 8382
3617 12282623 1730
3618 12284353 1069
3619 12285422 1059
3620 12286481 1372
3621 12287853 5364
3622 12293217 4996
3623 12298213 2155
3624 12300368 1742
3625 12302110 4020
3626 12306130 2323
3627 12308453 2260
3628 12310713 1478
3629 12312191 4283
3630 12316474 1267
3631 12317741 1235
3632 12318976 1412
3633 12320388 1689
3634 12322077 5187
3635 12327264 2526
3636 12329790 1376
3637 12331166 10934
3638 12342100 7035
3639 12349135 1867
3640 12351002 7365
3641 12358367 3389
3642 12361756 1922
3643 12363678 12890
3644 12376568 4679
3645 12381247 2476
3646 12383723 2323
3647 12386046 2155
3648 12388201 1382
3649 12389583 1171
3650 12390754 673
3651 12391427 4761
3652 12396188 1296
3653 12397484 903
3654 12398387 3117
3655 12401504 1896
3656 12403400 2879
3657 12406279 972
3658 12407251 1322
3659 12408573 1357
3660 12409930 529
3661 12410459 4959
3662 12415418 3246
3663 12418664 2212
3664 12420876 861
3665 12421737 787
3666 12422524 1246
3667 12423770 1592
3668 12425362 769
3669 12426131 1686
3670 12427817 555
3671 12428372 1843
3672 12430215 2473
3673 12432688 2324
3674 12435012 2689
3675 12437701 1651
3676 12439352 623
3677 12439975 2162
3678 12442137 2198
3679 12444335 2202
3680 12446537 2325
3681 12448862 2137
3682 12450999 483
3683 12451482 2430
3684 12453912 1235
3685 12455147 3103
3686 12458250 1561
3687 12459811 708
3688 12460519 1046
